00110100000010000000000000000000
00110100000010010000000000000100
00110100000010100000000000001000
00110100000010110000000000001100
10001101000100000000000000000000
10001101001100010000000000000000
10001101010100100000000000000000
10001101011100110000000000000000
00000010000100011010000000100000
00000000000000000000000000000000
00000010010100111010100000100001
00000000000000000000000000000000
00000000000000000000000000000000
00000010100101011011000000100010
00000000000000000000000000000000
00000000000000000000000000000000
10101100000101100000000000100000
00000010000100011011100000100011
00000000000000000000000000000000
00000000000000000000000000000000
10101100000101110000000000100100
00000000000000000000000000000000
00100010001101100000000001111011
00100110001101110000000001111011
00000000000000000000000000000000
00000000000000000000000000000000
10101100000101100000000000101000
10101100000101110000000000101100
00000010000100001010000000100100
00000010001100001010100000100101
00000010010100101011000000100110
00000010011100111011100000100111
10101100000101000000000000110000
10101100000101010000000000110100
10101100000101100000000000111000
10101100000101110000000000111100
00110010000101000000000001100100
00110110001101010000000001100100
00111010010101100000000001100100
10101100000101000000000001000000
10101100000101010000000001000100
10101100000101100000000001001000
00000010000100011010000000101010
00000010000100011010100000101011
00101010000101101111111110000100
00101110000101111111111110000100
10101100000101000000000001001100
10101100000101010000000001010000
10101100000101100000000001010100
10101100000101110000000001011000
00000000000000000000000000000000
00001000000000000000110000110110
00000000000000000000000000000000
00000000000000000000000000000000
00000000000100011010001010000000
00000000000100011010101010000010
00000000000100011011001010000011
10101100000101000000000001011100
10101100000101010000000001100000
10101100000101100000000001100100
00110100000011010000000000000101
00000000000000000000000000000000
00000000000000000000000000000000
00000001101100011010000000000100
00000001101100011010100000000110
00000001101100011011000000000111
10101100000101000000000001101000
10101100000101010000000001101100
10101100000101100000000001110000
00111100000011100000001101111001
00000000000000000000000000000000
00000000000000000000000000000000
00110101110011101100011110001101
00000000000000000000000000000000
00000000000000000000000000000000
00101101110011110000000001100100
00010001111000001111111111101001
00100000000000000000000001100100
00000000000000000000000000000000
00000000000000000000000000000000
00000000000000000000000000000000
00000000000000000000000000000000
00000000000000000000000000000000
00000000000000000000000000000000
00000000000000000000000000000000
00000000000000000000000000000000
00000000000000000000000000000000
00000000000000000000000000000000
00000000000000000000000000000000
00000000000000000000000000000000
00000000000000000000000000000000
00000000000000000000000000000000
00000000000000000000000000000000
00000000000000000000000000000000
00000000000000000000000000000000
00000000000000000000000000000000
00000000000000000000000000000000
00000000000000000000000000000000
00000000000000000000000000000000
00000000000000000000000000000000
00000000000000000000000000000000
00000000000000000000000000000000
00000000000000000000000000000000
00000000000000000000000000000000
00000000000000000000000000000000
00000000000000000000000000000000
00000000000000000000000000000000
00000000000000000000000000000000
00000000000000000000000000000000
00000000000000000000000000000000
00000000000000000000000000000000
00000000000000000000000000000000
00000000000000000000000000000000
00000000000000000000000000000000
00000000000000000000000000000000
00000000000000000000000000000000
00000000000000000000000000000000
00000000000000000000000000000000
00000000000000000000000000000000
00000000000000000000000000000000
00000000000000000000000000000000
00000000000000000000000000000000
00000000000000000000000000000000
00000000000000000000000000000000
00000000000000000000000000000000
00000000000000000000000000000000
00000000000000000000000000000000
00000000000000000000000000000000
00000000000000000000000000000000
00000000000000000000000000000000
00000000000000000000000000000000
00000000000000000000000000000000
00000000000000000000000000000000
00000000000000000000000000000000
00000000000000000000000000000000
00000000000000000000000000000000
00000000000000000000000000000000
00000000000000000000000000000000
00000000000000000000000000000000
00000000000000000000000000000000
00000000000000000000000000000000
00000000000000000000000000000000
00000000000000000000000000000000
00000000000000000000000000000000
00000000000000000000000000000000
00000000000000000000000000000000
00000000000000000000000000000000
00000000000000000000000000000000
00000000000000000000000000000000
00000000000000000000000000000000
00000000000000000000000000000000
00000000000000000000000000000000
00000000000000000000000000000000
00000000000000000000000000000000
00000000000000000000000000000000
00000000000000000000000000000000
00000000000000000000000000000000
00000000000000000000000000000000
00000000000000000000000000000000
00000000000000000000000000000000
00000000000000000000000000000000
00000000000000000000000000000000
00000000000000000000000000000000
00000000000000000000000000000000
00000000000000000000000000000000
00000000000000000000000000000000
00000000000000000000000000000000
00000000000000000000000000000000
00000000000000000000000000000000
00000000000000000000000000000000
00000000000000000000000000000000
00000000000000000000000000000000
00000000000000000000000000000000
00000000000000000000000000000000
00000000000000000000000000000000
00000000000000000000000000000000
00000000000000000000000000000000
00000000000000000000000000000000
00000000000000000000000000000000
00000000000000000000000000000000
00000000000000000000000000000000
00000000000000000000000000000000
00000000000000000000000000000000
00000000000000000000000000000000
00000000000000000000000000000000
00000000000000000000000000000000
00000000000000000000000000000000
00000000000000000000000000000000
00000000000000000000000000000000
00000000000000000000000000000000
00000000000000000000000000000000
00000000000000000000000000000000
00000000000000000000000000000000
00000000000000000000000000000000
00000000000000000000000000000000
00000000000000000000000000000000
00000000000000000000000000000000
00000000000000000000000000000000
00000000000000000000000000000000
00000000000000000000000000000000
00000000000000000000000000000000
00000000000000000000000000000000
00000000000000000000000000000000
00000000000000000000000000000000
00000000000000000000000000000000
00000000000000000000000000000000
00000000000000000000000000000000
00000000000000000000000000000000
00000000000000000000000000000000
00000000000000000000000000000000
00000000000000000000000000000000
00000000000000000000000000000000
00000000000000000000000000000000
00000000000000000000000000000000
00000000000000000000000000000000
00000000000000000000000000000000
00000000000000000000000000000000
00000000000000000000000000000000
00000000000000000000000000000000
00000000000000000000000000000000
00000000000000000000000000000000
00000000000000000000000000000000
00000000000000000000000000000000
00000000000000000000000000000000
00000000000000000000000000000000
00000000000000000000000000000000
00000000000000000000000000000000
00000000000000000000000000000000
00000000000000000000000000000000
00000000000000000000000000000000
00000000000000000000000000000000
00000000000000000000000000000000
00000000000000000000000000000000
00000000000000000000000000000000
00000000000000000000000000000000
00000000000000000000000000000000
00000000000000000000000000000000
00000000000000000000000000000000
00000000000000000000000000000000
00000000000000000000000000000000
00000000000000000000000000000000
00000000000000000000000000000000
00000000000000000000000000000000
00000000000000000000000000000000
00000000000000000000000000000000
00000000000000000000000000000000
00000000000000000000000000000000
00000000000000000000000000000000
00000000000000000000000000000000
00000000000000000000000000000000
00000000000000000000000000000000
00000000000000000000000000000000
00000000000000000000000000000000
00000000000000000000000000000000
00000000000000000000000000000000
00000000000000000000000000000000